00000000000000000000000000000000000000100000000000000000010000000100000100100101100101100000111111001010000000110101010011101111000010000110011100001100110111111111110 

00000000000000000101000000000000000010100010000100000000010000000110000100000101010110011100101111000110010101101100010011001100000100100101101010100101111011111111110 

00000000000000000000000000000000000001100011000000000000010000000100000100000101001100000011101111001010001111111110010011001111000101110110001110100111111111111111110 

00000000000000000000000000000000000000100010000000000000010000100100000100000101000100000000101111000110011100101000010011001100000000100100001001000001000010000111110 

00000000000000000000000000000000000000100010000000000000010000100100000100000101000100000000101111000110011100101000010011001100000000100100001001000001000010000111110 

00000000000000000000000000000000110010000010000100010001001111101101010001000101110101011000101111100111011100101100010011101111001101111100101111101011101011110111110 

00000000000000000000000000000000000000100000000000000000010000100100000110010101100101000000101111101010000001110100011011101111110011011110101101111010111111110111110 

00000000000000000000000000000000000001100000000000000000010000100100000110010101100101000110101111101010101001110100011011101111110011011110101101111011111111110111110 

00000000000000000000000000000000000000100010000000000000010000100100000110110101100101110010111111101010100111110100111011101111110011111110101101111111111111111111110 

00000000000000000000000000000000000000100000000100000100010100001110000100100101110110001000101111100010001000101000010011001100000101010100011000000101000010101111110 

